  -0.15267
  -0.13339
  -0.10353
  -0.06619
  -0.02512
   0.01573
   0.05269
   0.08287
   0.10441
   0.11669
   0.12029
   0.11684
   0.10865
   0.09831
   0.08826
   0.08034
   0.07549
   0.07361
   0.07355
   0.07332
   0.07042
   0.06229
   0.04681
   0.02271
  -0.01005
  -0.05014
  -0.09486
  -0.14038
  -0.18216
  -0.21548
  -0.23606
  -0.24069
  -0.22768
  -0.19721
  -0.15143
  -0.09430
  -0.03118
   0.03172
   0.08809
   0.13228
   0.15996
   0.16873
   0.15837
   0.13098
   0.09066
   0.04307
  -0.00527
  -0.04780
  -0.07874
  -0.09383
  -0.09087
  -0.06999
  -0.03368
   0.01356
   0.06575
   0.11622
   0.15844
   0.18684
   0.19756
   0.18888
   0.16147
   0.11829
   0.06418
   0.00526
  -0.05188
  -0.10103
  -0.13714
  -0.15695
  -0.15937
  -0.14561
  -0.11895
  -0.08427
  -0.04737
  -0.01416
   0.01017
   0.02183
   0.01900
   0.00202
  -0.02657
  -0.06241
  -0.09990
  -0.13291
  -0.15565
  -0.16343
  -0.15332
  -0.12456
  -0.07873
  -0.01956
   0.04746
   0.11575
   0.17842
   0.22911
   0.26272
   0.27600
   0.26793
   0.23977
   0.19487
   0.13821
   0.07579
   0.01386
