   0.00006
   0.00044
   0.00149
   0.00351
   0.00676
   0.01150
   0.01788
   0.02597
   0.03574
   0.04701
   0.05941
   0.07244
   0.08538
   0.09738
   0.10744
   0.11450
   0.11751
   0.11550
   0.10772
   0.09369
   0.07334
   0.04707
   0.01575
  -0.01922
  -0.05602
  -0.09250
  -0.12632
  -0.15512
  -0.17676
  -0.18951
  -0.19221
  -0.18446
  -0.16665
  -0.14001
  -0.10647
  -0.06860
  -0.02927
   0.00851
   0.04195
   0.06874
   0.08726
   0.09679
   0.09754
   0.09063
   0.07797
   0.06202
   0.04548
   0.03101
   0.02085
   0.01656
   0.01887
   0.02748
   0.04119
   0.05796
   0.07522
   0.09016
   0.10008
   0.10278
   0.09687
   0.08193
   0.05865
   0.02876
  -0.00512
  -0.03982
  -0.07194
  -0.09828
  -0.11628
  -0.12428
  -0.12178
  -0.10952
  -0.08941
  -0.06431
  -0.03768
  -0.01316
   0.00589
   0.01683
   0.01809
   0.00941
  -0.00812
  -0.03211
  -0.05916
  -0.08527
  -0.10627
  -0.11839
  -0.11868
  -0.10546
  -0.07855
  -0.03931
   0.00940
   0.06354
   0.11830
   0.16859
   0.20964
   0.23744
   0.24927
   0.24388
   0.22170
   0.18474
   0.13632
   0.08078
