   0.03333
   0.06667
   0.10000
   0.13333
   0.16667
   0.20000
   0.23333
   0.26667
   0.30000
   0.33333
   0.36667
   0.40000
   0.43333
   0.46667
   0.50000
   0.53333
   0.56667
   0.60000
   0.63333
   0.66667
   0.70000
   0.73333
   0.76667
   0.80000
   0.83333
   0.86667
   0.90000
   0.93333
   0.96667
   1.00000
   1.03333
   1.06667
   1.10000
   1.13333
   1.16667
   1.20000
   1.23333
   1.26667
   1.30000
   1.33333
   1.36667
   1.40000
   1.43333
   1.46667
   1.50000
   1.53333
   1.56667
   1.60000
   1.63333
   1.66667
